MEME version 4ALPHABET= ACDEFGHIKLMNPQRSTVWY
Background letter frequencies (from file dataset with add-one prior applied):
A 0.0637 C 0.0154 D 0.0454 E 0.0536 F 0.0532 G 0.0599 H 0.019 I 0.076 K 0.0554 
L 0.118 M 0.0253 N 0.0435 P 0.0363 Q 0.0376 R 0.0472 S 0.0796 T 0.0582 V 0.0664 
W 0.0127 Y 0.0338 
MOTIF GPSGAGKS
letter-probability matrix: alength= 20 w= 8 nsites= 269 E= 1.3e-362 
 0.007435  0.000000  0.000000  0.000000  0.000000  0.992565  0.000000  0.000000  0.000000  0.000000  0.000000  0.000000  0.000000  0.000000  0.000000  0.000000  0.000000  0.000000  0.000000  0.000000 
 0.074349  0.000000  0.007435  0.018587  0.000000  0.018587  0.085502  0.007435  0.003717  0.007435  0.000000  0.007435  0.360595  0.014870  0.323420  0.048327  0.014870  0.007435  0.000000  0.000000 
 0.003717  0.000000  0.000000  0.000000  0.000000  0.000000  0.000000  0.000000  0.014870  0.000000  0.000000  0.219331  0.000000  0.003717  0.003717  0.401487  0.319703  0.033457  0.000000  0.000000 
 0.000000  0.000000  0.000000  0.000000  0.000000  0.992565  0.000000  0.000000  0.000000  0.000000  0.000000  0.003717  0.000000  0.000000  0.000000  0.003717  0.000000  0.000000  0.000000  0.000000 
 0.617100  0.182156  0.000000  0.000000  0.000000  0.007435  0.000000  0.014870  0.000000  0.000000  0.000000  0.003717  0.000000  0.000000  0.000000  0.144981  0.011152  0.018587  0.000000  0.000000 
 0.000000  0.000000  0.000000  0.000000  0.000000  0.992565  0.000000  0.000000  0.003717  0.000000  0.000000  0.000000  0.003717  0.000000  0.000000  0.000000  0.000000  0.000000  0.000000  0.000000 
 0.000000  0.000000  0.000000  0.000000  0.000000  0.000000  0.000000  0.000000  0.988848  0.000000  0.003717  0.000000  0.000000  0.000000  0.003717  0.003717  0.000000  0.000000  0.000000  0.000000 
 0.003717  0.000000  0.003717  0.000000  0.000000  0.000000  0.000000  0.000000  0.003717  0.000000  0.000000  0.003717  0.000000  0.000000  0.007435  0.672862  0.304833  0.000000  0.000000  0.000000 
MOTIF DEPTAGLD
letter-probability matrix: alength= 20 w= 8 nsites= 269 E= 3.0e-344 
 0.000000  0.000000  1.000000  0.000000  0.000000  0.000000  0.000000  0.000000  0.000000  0.000000  0.000000  0.000000  0.000000  0.000000  0.000000  0.000000  0.000000  0.000000  0.000000  0.000000 
 0.000000  0.000000  0.014870  0.973978  0.000000  0.000000  0.000000  0.000000  0.000000  0.000000  0.000000  0.000000  0.000000  0.011152  0.000000  0.000000  0.000000  0.000000  0.000000  0.000000 
 0.423792  0.037175  0.000000  0.000000  0.000000  0.003717  0.000000  0.003717  0.000000  0.000000  0.000000  0.000000  0.524164  0.000000  0.000000  0.000000  0.000000  0.007435  0.000000  0.000000 
 0.000000  0.000000  0.000000  0.000000  0.003717  0.000000  0.000000  0.000000  0.000000  0.007435  0.000000  0.000000  0.000000  0.000000  0.000000  0.033457  0.955390  0.000000  0.000000  0.000000 
 0.382900  0.007435  0.000000  0.000000  0.000000  0.000000  0.003717  0.000000  0.003717  0.000000  0.000000  0.044610  0.000000  0.000000  0.003717  0.368030  0.096654  0.085502  0.003717  0.000000 
 0.226766  0.007435  0.007435  0.000000  0.000000  0.438662  0.026022  0.000000  0.000000  0.000000  0.014870  0.215613  0.000000  0.000000  0.000000  0.048327  0.000000  0.003717  0.000000  0.011152 
 0.000000  0.018587  0.000000  0.000000  0.000000  0.000000  0.000000  0.078067  0.000000  0.427509  0.130112  0.000000  0.000000  0.000000  0.000000  0.014870  0.003717  0.327138  0.000000  0.000000 
 0.000000  0.000000  0.959108  0.000000  0.000000  0.000000  0.000000  0.000000  0.000000  0.000000  0.000000  0.000000  0.003717  0.000000  0.000000  0.033457  0.003717  0.000000  0.000000  0.000000 
MOTIF LSGGQKQR
letter-probability matrix: alength= 20 w= 8 nsites= 260 E= 3.5e-337 
 0.000000  0.015385  0.000000  0.000000  0.007692  0.000000  0.000000  0.042308  0.000000  0.888462  0.007692  0.000000  0.000000  0.000000  0.000000  0.000000  0.000000  0.038462  0.000000  0.000000 
 0.000000  0.000000  0.000000  0.000000  0.000000  0.000000  0.000000  0.000000  0.000000  0.000000  0.000000  0.000000  0.000000  0.000000  0.000000  1.000000  0.000000  0.000000  0.000000  0.000000 
 0.000000  0.000000  0.015385  0.003846  0.000000  0.926923  0.000000  0.007692  0.023077  0.003846  0.000000  0.000000  0.007692  0.003846  0.000000  0.003846  0.003846  0.000000  0.000000  0.000000 
 0.000000  0.000000  0.000000  0.000000  0.000000  1.000000  0.000000  0.000000  0.000000  0.000000  0.000000  0.000000  0.000000  0.000000  0.000000  0.000000  0.000000  0.000000  0.000000  0.000000 
 0.000000  0.000000  0.000000  0.176923  0.000000  0.000000  0.000000  0.000000  0.000000  0.007692  0.092308  0.007692  0.000000  0.703846  0.000000  0.000000  0.007692  0.000000  0.000000  0.003846 
 0.015385  0.000000  0.000000  0.000000  0.000000  0.000000  0.003846  0.003846  0.580769  0.050000  0.015385  0.003846  0.000000  0.096154  0.230769  0.000000  0.000000  0.000000  0.000000  0.000000 
 0.234615  0.015385  0.000000  0.000000  0.000000  0.003846  0.000000  0.000000  0.180769  0.000000  0.000000  0.000000  0.000000  0.288462  0.253846  0.019231  0.003846  0.000000  0.000000  0.000000 
 0.000000  0.000000  0.000000  0.000000  0.000000  0.000000  0.000000  0.000000  0.092308  0.000000  0.000000  0.000000  0.000000  0.000000  0.907692  0.000000  0.000000  0.000000  0.000000  0.000000 
